1000
92 3 36
84 53 47
32 94 82
78 23 25
100 6 31
16 20 13
75 93 5
44 60 67
16 20 69
11 83 30
56 44 57
84 79 64
33 29 79
21 99 3
53 28 74
11 5 82
35 99 22
87 37 36
42 33 100
53 48 15
37 65 24
55 71 19
69 25 52
43 41 16
25 17 18
10 55 4
51 9 46
98 69 74
42 73 40
40 29 19
85 86 56
100 98 41
23 34 79
34 29 29
87 63 13
3 83 27
62 87 92
19 80 12
78 31 43
54 53 91
67 68 52
33 56 65
49 43 41
81 8 37
42 33 8
80 94 17
46 69 58
90 76 61
21 81 30
5 66 37
83 88 33
55 32 37
12 55 55
76 7 28
19 53 6
22 2 57
23 5 33
12 25 45
47 27 8
68 6 13
84 71 12
7 84 93
73 93 3
81 13 32
17 79 13
77 89 85
98 22 42
48 46 58
84 95 42
75 97 59
72 17 12
8 92 17
22 64 65
4 99 34
53 90 67
81 3 94
32 67 10
81 14 29
82 97 70
54 86 32
90 14 81
94 30 67
38 96 19
34 67 6
99 13 4
97 87 65
76 10 62
31 32 20
33 61 4
25 2 9
35 81 8
0 71 40
84 93 54
20 94 40
3 22 39
3 66 73
58 63 62
75 33 74
19 32 19
100 89 79
52 10 20
44 52 32
28 2 36
22 42 25
84 1 80
52 71 59
2 32 95
75 40 70
10 67 92
94 73 33
76 58 19
97 18 34
82 2 69
60 24 94
73 29 39
41 88 72
50 45 96
16 86 46
35 87 31
25 69 7
21 57 20
73 79 96
11 97 8
12 83 57
33 39 73
34 98 65
17 53 33
76 9 32
37 33 85
44 26 6
100 64 45
65 81 74
52 96 17
69 39 59
15 74 4
19 57 99
79 4 33
100 63 3
52 39 2
73 4 82
44 95 98
86 14 22
22 21 46
70 15 34
98 31 67
16 53 10
61 85 22
97 81 53
12 24 3
98 85 64
17 36 76
87 20 40
93 24 72
0 33 60
33 12 86
100 97 2
95 95 17
41 26 27
42 93 80
2 100 54
14 33 90
23 7 3
63 39 40
83 77 15
80 60 28
46 74 16
25 68 86
39 62 100
47 12 95
61 58 61
32 15 55
34 72 48
92 7 98
16 35 59
59 98 12
38 100 15
45 39 23
36 17 39
70 59 36
62 57 13
5 98 52
17 8 18
97 96 54
55 3 20
90 47 68
100 66 7
65 83 43
72 73 82
49 34 10
53 76 77
56 56 52
8 87 8
2 20 12
7 83 47
74 24 4
92 82 14
33 36 11
90 69 60
23 1 19
48 64 69
83 53 23
95 85 81
57 85 91
26 26 94
7 84 22
57 58 89
28 37 95
6 54 76
99 58 92
70 88 73
47 88 70
24 64 84
17 37 79
71 52 15
8 67 44
15 81 30
75 31 59
8 59 6
20 46 63
52 33 14
23 66 83
20 41 6
30 5 55
13 63 44
82 65 54
60 86 100
67 3 26
10 34 82
52 37 89
37 62 67
0 55 55
5 77 17
12 33 57
84 98 55
5 97 10
60 57 42
19 67 40
45 38 11
74 13 7
91 77 4
24 84 57
30 41 28
77 21 90
60 81 83
24 60 67
60 100 78
84 32 46
30 25 5
32 10 75
42 65 78
57 53 73
28 16 5
8 31 78
97 61 94
11 73 54
70 93 6
71 75 75
43 30 26
79 67 41
80 66 44
100 45 18
63 53 74
55 82 52
73 5 80
50 82 26
73 67 79
13 21 19
90 63 36
81 88 84
59 72 79
40 76 92
66 19 66
17 75 28
79 7 62
70 67 75
46 13 25
68 85 59
34 78 66
36 98 30
82 70 56
5 92 68
48 38 28
31 15 100
14 84 31
91 96 80
14 10 10
6 10 20
33 18 17
97 7 12
97 83 99
14 19 22
72 45 65
29 23 13
75 52 73
78 28 94
37 87 64
28 88 81
35 45 55
36 60 91
22 75 38
12 98 95
54 36 40
28 62 38
12 72 83
47 27 41
16 93 89
93 8 68
11 99 92
36 93 63
57 61 15
27 23 72
51 61 55
28 14 70
68 88 23
82 47 30
83 39 80
26 7 46
51 7 31
13 55 55
52 27 3
40 79 88
21 28 21
63 90 6
76 5 76
75 28 25
86 92 88
67 1 56
25 65 34
65 42 19
77 75 10
65 19 26
98 29 77
97 40 45
64 82 82
2 72 59
99 99 99
58 12 24
93 92 92
10 38 38
45 24 7
34 27 91
53 22 1
44 31 91
21 84 62
71 59 9
10 72 100
36 12 28
100 91 42
89 80 48
39 85 37
8 47 90
30 83 16
18 82 44
99 26 64
60 81 24
97 88 98
84 58 8
74 3 72
58 85 42
15 27 85
25 25 97
55 68 37
95 61 13
42 12 84
25 63 58
59 60 85
34 54 33
62 67 78
47 68 48
97 16 13
44 4 23
100 31 11
95 92 84
60 87 90
95 33 26
58 16 65
83 41 63
51 36 99
15 90 92
43 86 20
87 5 14
7 68 97
94 24 53
96 46 59
61 55 7
4 57 29
84 98 25
0 2 42
45 83 96
33 44 96
82 55 91
60 29 94
39 62 18
56 43 8
25 43 2
55 55 17
8 58 1
37 29 63
3 53 40
11 60 98
97 58 73
21 6 39
27 63 72
23 60 91
53 92 12
40 87 59
20 2 14
2 64 93
95 20 58
93 85 66
38 13 25
96 80 66
19 77 96
59 75 32
21 88 44
16 43 68
59 8 29
25 12 74
23 24 41
91 10 23
57 38 52
73 66 59
73 81 87
92 33 47
88 17 100
54 28 35
4 38 5
16 79 40
12 88 91
2 77 57
99 95 91
90 77 46
35 22 38
6 90 7
27 65 77
66 22 24
97 70 4
71 75 25
62 18 5
55 84 13
52 79 95
35 97 48
84 69 3
87 22 56
74 32 16
49 79 11
94 54 91
52 56 84
21 60 67
34 21 80
62 86 17
7 34 65
95 21 59
80 65 25
75 30 25
74 98 45
53 48 96
36 67 58
41 31 52
71 81 41
8 90 85
14 59 83
61 38 36
49 2 81
31 80 31
62 48 83
48 52 2
9 78 90
41 58 27
51 72 5
5 36 8
46 13 17
41 48 10
12 59 63
11 78 3
47 32 85
100 39 9
74 29 63
28 96 15
29 81 85
5 74 9
15 70 53
45 58 69
91 63 85
60 2 68
67 77 35
76 82 99
65 34 26
40 32 40
13 42 34
95 11 94
44 62 13
4 42 74
23 3 100
51 57 31
40 67 34
25 76 48
74 86 67
19 54 59
12 3 26
72 69 8
17 17 24
92 4 28
80 80 99
17 46 54
4 95 82
8 34 45
1 87 21
40 58 61
52 27 39
21 26 87
75 79 54
49 18 95
32 77 66
65 18 82
85 84 21
18 22 25
59 83 100
99 91 5
18 75 3
13 99 9
49 60 88
71 28 11
34 5 87
36 98 27
17 2 33
20 46 23
72 21 28
38 4 1
82 35 76
98 6 75
93 73 87
66 16 67
83 56 97
92 40 17
23 35 44
35 62 33
93 5 46
20 73 83
98 38 32
33 69 55
41 85 37
33 58 9
31 47 82
9 70 2
36 41 40
10 33 56
10 28 72
35 8 16
75 36 52
59 22 76
86 54 55
18 89 10
100 47 93
45 4 63
28 95 81
82 89 7
52 60 75
15 81 62
42 35 78
20 28 98
29 36 86
34 14 7
89 48 39
6 56 93
89 74 71
63 42 23
2 1 3
82 93 96
13 9 61
75 53 41
30 64 33
0 68 90
10 32 14
73 44 1
73 100 14
94 20 21
69 26 21
19 59 93
93 26 48
82 47 46
1 55 20
20 60 75
22 97 31
29 25 59
4 78 15
61 71 58
51 34 61
50 27 13
79 88 11
74 73 98
29 35 24
96 55 72
79 100 64
52 68 11
99 62 71
63 43 23
36 86 34
10 86 69
96 67 6
2 96 76
84 63 8
54 8 62
87 78 17
10 36 76
21 89 97
94 30 1
50 58 100
0 57 27
45 70 62
100 17 30
10 34 81
63 4 15
0 54 4
81 40 43
93 79 38
7 62 58
92 38 94
92 100 81
5 20 37
100 35 40
46 71 15
55 80 45
80 74 70
14 58 26
91 2 82
88 17 98
28 75 45
59 82 94
94 7 87
0 39 48
17 26 74
59 75 48
17 31 57
57 52 31
91 77 63
31 57 62
16 96 54
2 48 25
32 98 7
24 66 29
33 70 76
7 25 48
54 28 31
12 8 16
68 55 29
55 37 9
93 40 71
57 87 8
72 68 30
59 43 87
57 59 38
23 8 13
88 45 37
7 33 36
67 73 45
90 22 23
61 34 14
74 35 78
98 80 87
46 100 80
79 6 20
59 46 2
84 26 67
32 60 75
42 4 54
28 43 83
32 27 27
27 61 19
84 48 1
41 87 80
72 53 57
32 43 54
85 70 9
79 8 72
2 36 39
92 31 9
89 86 90
29 72 80
19 90 69
16 11 38
80 78 67
19 61 77
5 47 9
30 61 23
1 12 64
4 64 27
39 72 57
84 18 41
17 69 21
100 66 13
9 76 39
55 2 71
46 13 67
11 45 87
6 54 76
34 59 57
81 4 75
96 2 72
44 5 97
22 14 70
88 98 54
4 17 11
24 98 37
67 56 15
100 1 1
0 99 43
41 97 68
99 3 95
73 94 45
5 19 45
43 72 63
56 48 75
84 90 42
0 65 91
11 10 80
32 14 83
52 44 12
85 85 71
53 52 65
39 81 80
57 27 68
85 13 84
25 85 66
38 15 17
54 6 54
23 58 58
32 81 7
34 44 71
84 58 56
48 16 37
35 9 73
60 34 72
47 66 68
64 38 29
78 3 72
73 35 23
7 29 86
45 94 28
50 20 90
67 67 62
97 37 34
89 80 24
7 13 96
30 44 90
53 66 72
91 48 60
77 28 9
61 11 30
82 87 30
58 58 81
58 20 9
79 37 2
78 71 68
2 9 3
50 22 39
90 70 34
86 33 83
100 91 18
3 89 85
61 89 91
47 92 81
72 9 77
82 42 37
30 86 56
76 41 73
77 46 98
40 5 31
91 63 31
97 82 93
52 20 71
57 14 13
43 81 99
76 47 70
43 44 59
70 87 37
2 59 23
91 25 16
9 67 98
100 6 94
14 72 37
76 21 60
44 71 96
34 85 73
51 65 58
11 45 47
99 70 27
20 62 88
66 15 25
4 86 31
31 30 58
79 91 11
52 36 12
55 77 36
17 73 94
23 36 86
76 78 55
74 86 76
14 36 81
14 46 40
54 12 86
25 55 35
55 98 32
72 15 93
77 23 24
57 66 7
97 48 53
85 93 63
98 57 37
23 65 87
49 22 17
33 34 86
61 18 70
67 43 20
56 6 32
36 32 85
98 87 25
5 4 81
0 32 79
23 76 96
74 76 22
43 48 99
82 56 91
49 48 55
93 94 28
23 89 93
64 88 26
90 37 82
93 81 97
87 40 57
72 98 89
12 85 59
58 91 89
10 22 55
44 33 42
34 38 11
31 86 25
78 13 34
96 100 18
15 73 20
17 32 44
62 46 8
89 8 11
100 18 7
56 91 37
91 41 56
61 53 3
51 16 84
61 88 67
21 1 14
39 62 19
34 78 21
70 57 74
82 32 14
78 84 95
15 19 12
99 61 22
11 72 92
24 89 95
23 68 11
89 84 47
14 65 87
37 2 41
5 100 52
37 3 58
7 21 17
47 71 80
67 58 20
35 55 63
65 77 35
51 61 95
8 44 91
85 68 41
47 74 14
25 47 39
13 15 91
46 26 68
100 28 10
69 96 28
66 43 12
94 29 61
51 16 83
38 91 22
78 21 43
59 19 85
82 24 95
17 78 67
94 29 22
30 17 52
64 76 28
76 85 40
83 77 98
43 99 74
60 98 27
6 37 12
20 11 46
50 69 97
86 15 32
86 82 81
2 67 55
17 42 4
74 83 52
28 74 83
4 47 1
28 13 37
36 87 6
22 61 99
27 86 68
71 35 27
56 84 29
51 66 33
54 98 4
29 37 5
94 53 82
25 74 22
89 41 20
75 18 61
23 7 57
41 9 44
53 61 85
25 61 69
51 32 31
93 28 75
46 38 10
32 38 20
97 10 17
53 3 4
93 21 57
8 20 80
27 39 58
87 37 94
29 21 89
43 47 33
70 35 42
45 54 78
93 91 57
67 12 75
97 76 47
15 14 85
6 68 91
94 62 11
32 47 87
48 59 23
54 73 68
50 36 93
66 26 38
100 37 76
78 92 39
49 35 2
28 11 21
5 21 40
9 100 8
49 97 30
18 61 15
25 54 15
15 72 4
79 87 63
16 97 9
57 64 92
2 98 62
99 35 58
75 2 67
65 88 97
56 61 7
85 16 71
74 92 31
39 5 38
17 43 82
91 2 12
24 29 11
43 58 83
13 98 74
57 48 78
93 68 55
5 85 97
47 2 34
25 93 2
98 85 38
37 77 96
95 53 33
87 66 72
58 86 97
94 30 5
38 2 57
14 12 58
75 97 39
8 3 76
7 55 65
62 46 1
54 99 95
38 27 52
78 56 13
43 24 79
29 90 66
81 16 88
44 19 7
67 43 16
68 23 92
6 27 73
80 53 38
