100
42
11
1
2018
12036
21711
11841
97639
48478
57040
78265
42828
17382
8384
45911
10
88548
90376
46498
5628
85114
89791
97085
36245
9
37611
69261
21423
41828
53806
47035
96682
85396
17666
28286
78364
2
7
39703
4
90817
51202
76577
59401
7555
99999
60658
23929
3
68257
1024
70470
1663
55306
45072
49683
34610
46047
18782
100000
30863
73909
75944
93734
68280
74497
6482
2229
8
79407
6155
29717
78021
72585
39717
20226
55644
26397
49078
5
63310
58716
90460
17934
68491
35882
95
22006
54967
89923
1939
20359
36619
23569
52289
88773
6
12980
55537
25769
