100
42
11
1
2018
10
5749637107508022
3102468134864518
3651719439270907
5820573724216653
160852386204241
9747012667203870
2
3455269363104410
8618617120999163
1148825987965859
6
8576602253386481
2658434813584673
3750497953126848
95
5720299731252770
8564122725809736
5848119204536491
2324460009506330
3347473680923558
9
3045233151150714
7439437033261425
1254858814108410
6534758683850952
2131710339037504
1798443050745499
4656963381800069
8067111387747429
7955350920325895
3044275412985426
7578000377392894
3666085241857031
6898331805705101
7886062680488833
6257993819561830
3
8771430767843693
7
530900831410946
8888888888888889
8172932395231902
2187117832754229
4858488566715630
5946674279219086
739466860115866
8605243639381111
4582593601640700
4084661091047643
152254720895260
10000000000000000
4
6775460478083943
1555555555555555
3012331625701813
6571062598804225
6896221346574142
885673001273117
8478000234643008
2103758285834115
3314589289323141
9024217901151413
5091666358885164
9851902420876387
8193665546779344
8895373735734754
993391409203459
3591210423755344
5
1875393926701591
9201397707044950
1920303013034228
9074781049577378
5991488510296509
4684332015640721
8
2001204615655218
1136420645496747
5084146314991727
25477073701548
7452425465732261
9735607723379021
9725984976197672
8466489765351494
7122222922535853
9999999999999999
600194828158662
8448986024168372
9688858817229835
3830654860513329
3198049136614575
4338811474964625
2656052890273164
1294910467059267
3258503623881606
